1647568087
1647568149
1647568208
1647568267
1647568326
1647568387
1647568447
1647568507
1647568569
1647568627
1647568689
1647568747
1647568809
1647568867
1647568927
1647568988
1647569048
1647569107
1647569168
1647569232
1647569288
1647569351
1647569412
1647569471
1647569528
1647569588
1647569649
1647569710
1647569767
1647569829
1647569891
1647569950
1647570007
1647570069
1647570126
1647570188
1647570250
1647570308
1647570369
1647570428
1647570489
1647570547
1647570608
1647570667
1647570728
1647570787
1647570848
1647570907
1647570968
1647571027
1647571087
1647571148
1647571207
1647571267
1647571328
1647571388
1647571447
1647571508
1647571567
1647571627
1647571687
1647571748
1647571807
1647571868
1647571927
1647571988
1647572050
1647572108
1647572167
1647572229
1647572289
1647572351
1647572408
1647572468
1647572530
1647572588
1647572648
1647572708
1647572767
1647572827
1647572889
1647572949
1647573007
1647573067
1647573129
1647573187
1647573249
1647573308
1647573368
1647573427
1647573488
1647573546
1647573606
1647573668
1647573726
1647573786
1647573846
1647573907
1647573966
1647574028
1647574086
1647574146
1647574210
1647574266
1647574327
1647574388
1647574446
1647574507
1647574567
1647574626
1647574687
1647574747
1647574807
1647574869
1647574926
1647574986
1647575046
1647575108
1647575167
1647575227
1647575289
1647575346
1647575408
1647575468
1647575527
1647575587
1647575647
1647575708
1647575768
1647575827
1647575887
1647575947
1647576008
1647576067
1647576128
1647576187
1647576247
1647576308
1647576367
1647576427
1647576487
1647576547
1647576607
1647576667
1647576727
1647576786
1647576848
1647576907
1647576967
1647577027
1647577087
1647577147
1647577206
1647577267
1647577327
1647577387
1647577447
1647577507
1647577566
1647577627
1647577687
1647577746
1647577808
1647577866
1647577927
1647577987
1647578047
1647578106
1647578167
1647578227
1647578286
1647578347
1647578407
1647578467
1647578529
1647578587
1647578649
1647578707
1647578767
1647578827
1647578887
1647578947
1647579007
1647579067
1647579128
1647579187
1647579248
1647579308
1647579367
1647579428
1647579487
1647579547
1647579608
1647579668
1647579726
1647579786
1647579846
1647579907
1647579968
1647580028
1647580086
1647580147
1647580207
1647580267
1647580328
1647580387
1647580448
1647580507
1647580566
1647580627
1647580687
1647580747
1647580807
1647580868
1647580926
1647580986
1647581048
1647581107
1647581167
1647581229
1647581286
1647581347
1647581407
1647581467
1647581527
1647581588
1647581648
1647581707
1647581768
1647581827
1647581887
1647581950
1647582008
1647582066
1647582129
1647582188
1647582248
1647582307
1647582367
1647582428
1647582488
1647582547
1647582607
1647582667
1647582727
1647582789
1647582848
1647582907
1647582968
1647583029
1647583088
1647583147
1647583207
1647583266
1647583327
1647583386
1647583446
1647583507
1647583568
1647583626
1647583687
1647583746
1647583808
1647583867
1647583926
1647583986
1647584048
1647584107
1647584167
1647584227
1647584286
1647584347
1647584407
1647584468
1647584526
1647584587
1647584647
1647584707
1647584766
1647584826
1647584888
1647584946
1647585007
1647585066
1647585127
1647585188
1647585247
1647585307
1647585366
1647585426
1647585486
1647585548
1647585608
1647585667
1647585727
1647585787
1647585847
1647585907
1647585968
1647586027
1647586086
1647586147
1647586207
1647586267
1647586327
1647586387
1647586447
1647586508
1647586567
1647586629
1647586688
1647586748
1647586808
1647586868
1647586929
1647586989
1647587048
1647587108
1647587166
1647587226
1647587286
1647587346
1647587407
1647587467
1647587526
1647587586
1647587648
1647587709
1647587767
1647587827
1647587887
1647587947
1647588007
1647588067
1647588127
1647588187
1647588247
1647588307
1647588367
1647588429
1647588486
1647588548
1647588607
1647588670
1647588727
1647588790
1647588852
1647588908
1647588969
1647589029
1647589088
1647589148
1647589207
1647589269
1647589330
1647589389
1647589450
1647589508
1647589568
1647589631
1647589687
1647589749
1647589810
1647589868
1647589927
1647589987
1647590048
1647590107
1647590167
1647590227
1647590287
1647590348
1647590408
1647590467
1647590527
1647590588
1647590648
1647590707
1647590769
1647590827
1647590888
1647590947
1647591009
1647591068
1647591129
1647591188
1647591250
1647591307
1647591369
1647591427
1647591487
1647591547
1647591608
1647591667
1647591727
1647591787
1647591848
1647591907
1647591967
1647592026
1647592086
1647592147
1647592207
1647592267
1647592328
1647592387
1647592448
1647592507
1647592567
1647592628
1647592688
1647592748
1647592807
1647592867
1647592927
1647592987
1647593046
1647593107
1647593167
1647593227
1647593288
1647593348
1647593408
1647593467
1647593529
1647593587
1647593648
1647593708
1647593767
1647593827
1647593887
1647593948
1647594007
1647594069
1647594127
1647594187
1647594247
1647594307
1647594366
1647594427
1647594487
1647594547
1647594608
1647594667
1647594727
1647594787
1647594848
1647594907
1647594967
1647595029
1647595090
1647595148
1647595207
1647595266
1647595326
1647595387
1647595446
1647595509
1647595566
1647595627
1647595687
1647595746
1647595807
1647595867
1647595928
1647595988
1647596047
1647596108
1647596167
1647596227
1647596287
1647596350
1647596408
1647596467
1647596526
1647596588
1647596647
1647596707
1647596767
1647596827
1647596887
1647596948
1647597007
1647597067
1647597127
1647597187
1647597247
1647597307
1647597367
1647597426
1647597488
1647597547
1647597607
1647597667
1647597727
1647597787
1647597847
1647597907
1647597967
1647598027
1647598087
1647598147
1647598208
1647598268
1647598328
1647598388
1647598447
1647598509
1647598567
1647598627
1647598687
1647598748
1647598807
1647598868
1647598928
1647598988
1647599048
1647599106
1647599168
1647599229
1647599288
1647599347
1647599407
1647599467
1647599529
1647599588
1647599649
1647599708
1647599767
1647599827
1647599886
1647599946
1647600006
1647600066
1647600126
1647600187
1647600246
1647600306
1647600366
1647600426
1647600486
1647600547
1647600608
1647600666
1647600727
1647600786
1647600846
1647600907
1647600966
1647601026
1647601086
1647601146
1647601208
1647601267
1647601327
1647601386
1647601447
1647601506
1647601567
1647601626
1647601686
1647601747
1647601807
1647601867
1647601927
1647601987
1647602046
1647602107
1647602167
1647602227
1647602287
1647602348
1647602408
1647602467
1647602528
1647602588
1647602647
1647602707
1647602768
1647602827
1647602886
1647602948
1647603007
1647603067
1647603127
1647603188
1647603247
1647603308
1647603367
1647603427
1647603487
1647603548
1647603607
1647603667
1647603727
1647603788
1647603848
1647603908
1647603967
1647604027
1647604087
1647604147
1647604208
1647604269
1647604327
1647604387
1647604447
1647604511
1647604569
1647604626
1647604686
1647604747
1647604807
1647604867
1647604926
1647604987
1647605047
1647605107
1647605167
1647605226
1647605286
1647605347
1647605406
1647605467
1647605527
1647605587
1647605646
1647605707
1647605767
1647605827
1647605887
1647605947
1647606009
1647606067
1647606128
1647606186
1647606248
1647606307
1647606366
1647606429
1647606488
1647606548
1647606607
1647606668
1647606728
1647606788
1647606849
1647606908
1647606968
1647607027
1647607088
1647607146
1647607209
1647607266
1647607328
1647607387
1647607447
1647607507
1647607568
1647607629
1647607687
1647607748
1647607808
1647607867
1647607928
1647607989
1647608048
1647608108
1647608167
1647608228
1647608288
1647608348
1647608408
1647608468
1647608528
1647608587
1647608648
1647608707
1647608769
1647608828
1647608888
1647608948
1647609007
1647609067
1647609128
1647609187
1647609247
1647609306
1647609366
1647609426
1647609487
1647609546
1647609606
1647609666
1647609727
1647609787
1647609848
1647609907
1647609966
1647610026
1647610088
1647610146
1647610207
1647610266
1647610326
1647610387
1647610446
1647610506
1647610566
1647610626
1647610687
1647610746
1647610806
1647610867
1647610928
1647610988
1647611048
1647611106
1647611167
1647611227
1647611286
1647611346
1647611406
1647611467
1647611527
1647611588
1647611647
1647611706
1647611767
1647611827
1647611888
1647611947
1647612007
1647612067
1647612127
1647612187
1647612247
1647612307
1647612368
1647612427
1647612488
1647612547
1647612607
1647612667
1647612727
1647612787
1647612847
1647612907
1647612967
1647613028
1647613087
1647613147
1647613208
1647613267
1647613328
1647613387
1647613447
1647613507
1647613569
1647613626
1647613688
1647613749
1647613808
1647613867
1647613927
1647613988
1647614048
1647614107
1647614168
1647614228
1647614288
1647614347
1647614408
1647614468
1647614526
1647614588
1647614646
1647614706
1647614768
1647614827
1647614886
1647614946
1647615008
1647615066
1647615126
1647615187
1647615246
1647615306
1647615367
1647615427
1647615488
1647615546
1647615607
1647615667
1647615728
1647615786
1647615847
1647615907
1647615967
1647616026
1647616086
1647616147
1647616208
1647616267
1647616328
1647616387
1647616448
1647616510
1647616569
1647616626
1647616687
1647616748
1647616806
1647616867
1647616926
1647616987
1647617047
1647617107
1647617167
1647617229
1647617287
1647617347
1647617407
1647617469
1647617527
1647617587
1647617649
1647617706
1647617766
1647617828
1647617887
1647617948
1647618007
1647618067
1647618128
1647618189
1647618249
1647618307
1647618368
1647618427
1647618487
1647618547
1647618608
1647618667
1647618727
1647618787
1647618847
1647618907
1647618967
1647619027
1647619087
1647619148
1647619208
1647619267
1647619327
1647619387
1647619447
1647619508
1647619567
1647619626
1647619686
1647619746
1647619806
1647619867
1647619927
1647619986
1647620048
1647620107
1647620167
1647620228
1647620288
1647620346
1647620407
1647620467
1647620526
1647620586
1647620646
1647620706
1647620768
1647620826
1647620886
1647620946
1647621007
1647621068
1647621126
1647621187
1647621248
1647621308
1647621368
1647621427
1647621487
1647621546
1647621607
1647621668
1647621728
1647621788
1647621848
1647621907
1647621966
1647622026
1647622087
1647622146
1647622207
1647622267
1647622327
1647622388
1647622447
1647622507
1647622567
1647622628
1647622686
1647622746
1647622808
1647622867
1647622938
1647622987
1647623047
1647623107
1647623167
1647623227
1647623287
1647623347
1647623407
1647623466
1647623527
1647623587
1647623647
1647623707
1647623767
1647623827
1647623887
1647623947
1647624007
1647624067
1647624127
1647624187
1647624247
1647624307
1647624367
1647624427
1647624487
1647624547
1647624608
1647624666
1647624726
1647624786
1647624848
1647624908
1647624966
1647625026
1647625087
1647625146
1647625207
1647625266
1647625326
1647625387
1647625447
1647625507
1647625566
1647625627
1647625687
1647625747
1647625807
1647625866
1647625927
1647625987
1647626046
1647626107
1647626166
1647626227
1647626288
1647626347
1647626408
1647626467
1647626527
1647626587
1647626649
1647626707
1647626766
1647626827
1647626888
1647626948
1647627007
1647627066
1647627127
1647627187
1647627247
1647627307
1647627367
1647627427
1647627487
1647627547
1647627607
1647627667
1647627727
1647627787
1647627849
1647627908
1647627967
1647628027
1647628087
1647628148
1647628209
1647628267
1647628327
1647628388
1647628448
1647628508
1647628566
1647628627
1647628687
1647628746
1647628806
1647628866
1647628927
1647628986
1647629046
1647629107
1647629167
1647629226
1647629286
1647629346
1647629407
1647629466
1647629528
1647629587
1647629649
1647629707
1647629766
1647629826
1647629887
1647629946
1647630007
1647630066
1647630128
1647630188
1647630246
1647630306
1647630367
1647630426
1647630486
1647630547
1647630608
1647630667
1647630727
1647630787
1647630849
1647630906
1647630968
1647631027
1647631088
1647631148
1647631207
1647631267
1647631327
1647631387
1647631448
1647631506
1647631568
1647631629
1647631687
1647631747
1647631807
1647631866
1647631927
1647631987
1647632047
1647632107
1647632169
1647632227
1647632287
1647632347
1647632407
1647632467
1647632527
1647632587
1647632647
1647632708
1647632768
1647632827
1647632887
1647632948
1647633008
1647633067
1647633127
1647633188
1647633248
1647633307
1647633368
1647633427
1647633488
1647633546
1647633606
1647633667
1647633726
1647633786
1647633846
1647633908
1647633968
1647634026
1647634087
1647634146
1647634207
1647634266
1647634328
1647634387
1647634447
1647634506
1647634566
1647634628
1647634687
1647634748
1647634807
1647634868
1647634927
1647634986
1647635048
1647635106
1647635169
1647635227
1647635288
1647635347
1647635408
1647635466
1647635527
1647635587
1647635647
1647635708
1647635768
1647635827
1647635887
1647635946
1647636008
1647636067
1647636128
1647636189
1647636247
1647636306
1647636368
1647636427
1647636487
1647636547
1647636607
1647636667
1647636727
1647636786
1647636847
1647636907
1647636967
1647637027
1647637087
1647637146
1647637207
1647637267
1647637327
1647637387
1647637447
1647637507
1647637567
1647637627
1647637686
1647637746
1647637806
1647637866
1647637926
1647637986
1647638046
1647638106
1647638166
1647638226
1647638287
1647638346
1647638406
1647638466
1647638526
1647638586
1647638646
1647638706
1647638766
1647638826
1647638886
1647638946
1647639006
1647639067
1647639127
1647639186
1647639247
1647639306
1647639366
1647639427
1647639487
1647639546
1647639607
1647639667
1647639727
1647639786
1647639847
1647639908
1647639968
1647640026
1647640087
1647640147
1647640207
1647640267
1647640327
1647640387
1647640447
1647640507
1647640567
1647640628
1647640687
1647640747
1647640808
1647640868
1647640928
1647640986
1647641047
1647641106
1647641167
1647641226
1647641286
1647641346
1647641407
1647641466
1647641528
1647641586
1647641646
1647641707
1647641766
1647641826
1647641888
1647641947
1647642006
1647642066
1647642126
1647642186
1647642246
1647642306
1647642366
1647642427
1647642486
1647642547
1647642606
1647642667
1647642728
1647642786
1647642846
1647642906
1647642966
1647643027
1647643087
1647643147
1647643206
1647643266
1647643326
1647643387
1647643446
1647643506
1647643566
1647643627
1647643687
1647643747
1647643808
1647643867
1647643927
1647643988
1647644047
1647644107
1647644167
1647644227
1647644287
1647644348
1647644408
1647644469
1647644529
1647644590
1647644653
1647644710
1647644771
1647644829
1647644891
1647644947
1647645009
1647645068
1647645128
1647645189
1647645248
1647645313
1647645371
1647645428
1647645488
1647645546
1647645608
1647645668
1647645731
1647645787
1647645848
1647645907
1647645968
1647646029
1647646087
1647646148
1647646207
1647646269
1647646327
1647646388
1647646447
1647646509
1647646568
1647646629
1647646690
1647646748
1647646807
1647646867
1647646928
1647646990
1647647048
1647647108
1647647170
1647647228
1647647288
1647647347
1647647408
1647647468
1647647529
1647647588
1647647648
1647647709
1647647768
1647647828
1647647889
1647647949
1647648009
1647648069
1647648127
1647648189
1647648247
1647648308
1647648368
1647648428
1647648488
1647648548
1647648608
1647648667
1647648727
1647648786
1647648847
1647648909
1647648966
1647649027
1647649087
1647649147
1647649209
1647649268
1647649327
1647649387
1647649448
1647649507
1647649567
1647649629
1647649687
1647649747
1647649807
1647649867
1647649927
1647649987
1647650047
1647650107
1647650168
1647650227
1647650288
1647650349
1647650408
1647650466
1647650527
1647650586
1647650646
1647650707
1647650766
1647650828
1647650887
1647650947
1647651007
1647651066
1647651126
1647651186
1647651246
1647651306
1647651366
1647651427
1647651486
1647651546
1647651606
1647651667
1647651726
1647651787
1647651847
1647651907
1647651966
1647652026
1647652086
1647652146
1647652206
1647652266
1647652327
1647652386
1647652448
1647652509
1647652569
1647652627
1647652687
1647652747
1647652807
1647652868
1647652928
1647652988
1647653047
1647653109
1647653167
1647653227
1647653288
1647653350
1647653409
1647653467
1647653527
1647653588
1647653647
1647653709
1647653767
1647653827
1647653887
1647653948
1647654008
1647654069
1647654127
1647654188
1647654248
1647654307
1647654367
1647654427
1647654488
1647654549
1647654609
1647654667
1647654728
1647654788
1647654849
1647654907
1647654967
1647655026
1647655086
1647655148
1647655207
1647655267
1647655327
1647655386
1647655448
1647655507
1647655567
1647655628
1647655687
1647655748
1647655807
1647655868
1647655927
1647655987
1647656047
1647656108
1647656168
1647656227
1647656287
1647656347
1647656408
1647656467
1647656527
1647656586
1647656646
1647656706
1647656766
1647656826
1647656886
1647656946
1647657007
1647657066
1647657127
1647657186
1647657248
1647657306
1647657366
1647657426
1647657487
1647657546
1647657607
1647657666
1647657726
1647657786
1647657846
1647657906
1647657967
1647658026
1647658086
1647658146
1647658206
1647658266
1647658327
1647658386
1647658446
1647658507
1647658567
1647658627
1647658686
1647658747
1647658806
1647658867
1647658928
1647658988
1647659046
1647659106
1647659166
1647659226
1647659286
1647659346
1647659406
1647659466
1647659526
1647659586
1647659647
1647659708
1647659768
1647659827
1647659886
1647659948
1647660006
1647660066
1647660126
1647660186
1647660246
1647660306
1647660366
1647660426
1647660486
1647660547
1647660608
1647660667
1647660726
1647660786
1647660847
1647660907
1647660967
1647661027
1647661087
1647661147
1647661207
1647661267
1647661327
1647661387
1647661447
1647661507
1647661567
1647661628
1647661687
1647661746
1647661806
1647661866
1647661926
1647661986
1647662046
1647662107
1647662167
1647662227
1647662286
1647662348
1647662407
1647662466
1647662526
1647662586
1647662646
1647662706
1647662766
1647662826
1647662886
1647662946
1647663007
1647663068
1647663127
1647663186
1647663246
1647663307
1647663366
1647663426
1647663486
1647663546
1647663607
1647663667
1647663728
1647663787
1647663847
1647663906
1647663966
1647664026
1647664086
1647664147
1647664206
1647664268
1647664326
1647664387
1647664447
1647664508
1647664568
1647664627
1647664686
1647664746
1647664806
1647664866
1647664927
1647664986
1647665047
1647665107
1647665167
1647665227
1647665288
1647665347
1647665407
1647665467
1647665527
1647665587
1647665646
1647665707
1647665768
1647665828
1647665888
1647665947
1647666008
1647666067
1647666128
1647666188
1647666248
1647666307
1647666368
1647666428
1647666489
1647666547
1647666608
1647666668
1647666727
1647666788
1647666847
1647666907
1647666967
1647667027
1647667086
1647667146
1647667206
1647667266
1647667326
1647667386
1647667446
1647667507
1647667567
1647667626
1647667687
1647667746
1647667806
1647667867
1647668046
1647668106
1647668166
1647668226
1647668286
1647668346
1647668406
1647668466
1647668526
1647668586
1647668646
1647668706
1647668767
1647668827
1647668886
1647668947
1647669007
1647669067
1647669127
1647669187
1647669246
1647669306
1647669366
1647669426
1647669486
1647669546
1647669608
1647669666
1647669726
1647669788
1647669846
1647669907
1647669966
1647670026
1647670086
1647670147
1647670207
1647670266
1647670327
1647670387
1647670447
1647670507
1647670568
1647670627
1647670687
1647670747
1647670807
1647670867
1647670928
1647670988
1647671049
1647671107
1647671167
1647671227
1647671286
1647671346
1647671406
1647671466
1647671706
1647671766
1647671826
1647671886
1647671946
1647672007
1647672068
1647672126
1647672186
1647672246
1647672307
1647672367
1647672426
1647672486
1647672546
1647672606
1647672666
1647672726
1647672786
1647672846
1647672906
1647672968
1647673027
1647673087
1647673147
1647673207
1647673266
1647673327
1647673386
1647673446
1647673507
1647673566
1647673626
1647673686
1647673747
1647673807
1647673866
1647673926
1647673987
1647674046
1647674107
1647674167
1647674227
1647674288
1647674346
1647674407
1647674467
1647674527
1647674586
1647674647
1647674706
1647674766
1647674826
1647674886
1647674946
1647675007
1647675066
1647675247
1647675306
1647675366
1647675426
1647675487
1647675547
1647675607
1647675666
1647675726
1647675787
1647675847
1647675907
1647675967
1647676027
1647676087
1647676147
1647676207
1647676267
1647676327
1647676387
1647676447
1647676507
1647676566
1647676626
1647676686
1647676746
1647676806
1647676866
1647676926
1647676986
1647677046
1647677106
1647677166
1647677226
1647677286
1647677346
1647677406
1647677466
1647677526
1647677586
1647677646
1647677706
1647677766
1647677826
1647677886
1647677946
1647678007
1647678066
1647678126
1647678186
1647678247
1647678307
1647678368
1647678427
1647678486
1647678548
1647678606
1647678667
1647678846
1647678906
1647678967
1647679026
1647679086
1647679147
1647679207
1647679266
1647679328
1647679386
1647679446
1647679507
1647679568
1647679627
1647679687
1647679747
1647679808
1647679867
1647679927
1647679988
1647680046
1647680106
1647680166
1647680226
1647680286
1647680346
1647680406
1647680468
1647680527
1647680588
1647680648
1647680708
1647680768
1647680827
1647680887
1647680948
1647681008
1647681068
1647681127
1647681188
1647681247
1647681307
1647681367
1647681427
1647681487
1647681547
1647681607
1647681667
1647681726
1647681786
1647681846
1647681906
1647681966
1647682026
1647682086
1647682146
1647682207
1647682266
1647682449
1647682508
1647682567
1647682627
1647682687
1647682755
1647682807
1647682868
1647682930
1647682986
1647683049
1647683108
1647683169
1647683227
1647683287
1647683348
1647683408
1647683467
1647683527
1647683588
1647683647
1647683707
1647683768
1647683827
1647683886
1647683946
1647684007
1647684066
1647684127
1647684187
1647684247
1647684308
1647684366
1647684427
1647684486
1647684546
1647684607
1647684668
1647684727
1647684786
1647684846
1647684906
1647684966
1647685026
1647685086
1647685146
1647685207
1647685267
1647685326
1647685386
1647685446
1647685508
1647685567
1647685626
1647685686
1647685746
1647685807
1647685866
1647685926
1647685988
1647686046
1647686106
1647686166
1647686226
1647686286
1647686347
1647686406
1647686469
1647686529
1647686589
1647686650
1647686709
1647686769
1647686828
1647686888
1647686948
1647687009
1647687069
1647687130
1647687187
1647687248
1647687307
1647687367
1647687428
1647687488
1647687547
1647687607
1647687666
1647687726
1647687786
1647687846
1647687906
1647687966
1647688026
1647688086
1647688146
1647688206
1647688266
1647688326
1647688386
1647688446
1647688506
1647688566
1647688626
1647688686
1647688747
1647688806
1647688866
1647688926
1647688987
1647689047
1647689107
1647689166
1647689227
1647689287
1647689346
1647689406
1647689466
1647689527
1647689587
1647689646
1647689706
1647689766
1647689827
1647689887
1647689946
1647690006
1647690066
1647690127
1647690186
1647690246
1647690308
1647690366
1647690427
1647690486
1647690546
1647690607
1647690666
1647690728
1647690789
1647690848
1647690908
1647690967
1647691027
1647691087
1647691147
1647691207
1647691267
1647691327
1647691389
1647691447
1647691507
1647691567
1647691627
1647691687
1647691747
1647691809
1647691868
1647691927
1647691986
1647692046
1647692107
1647692166
1647692227
1647692286
1647692346
1647692406
1647692467
1647692527
1647692586
1647692647
1647692707
1647692766
1647692826
1647692886
1647692946
1647693007
1647693067
1647693126
1647693186
1647693246
1647693307
1647693367
1647693426
1647693486
1647693547
1647693606
1647693666
1647693726
1647693787
1647693846
1647693907
1647693966
1647694026
1647694086
1647694147
1647694206
1647694266
1647694327
1647694387
1647694447
1647694507
1647694566
1647694627
1647694687
1647694746
1647694806
1647694866
1647694927
1647694986
1647695047
1647695107
1647695167
1647695228
1647695286
1647695346
1647695407
1647695466
1647695526
1647695586
1647695647
1647695706
1647695767
1647695827
1647695887
1647695946
1647696007
1647696067
1647696127
1647696187
1647696246
1647696308
1647696367
1647696427
1647696487
1647696548
1647696607
1647696668
1647696727
1647696787
1647696847
1647696908
1647696967
1647697027
1647697087
1647697148
1647697207
1647697266
1647697327
1647697386
1647697446
1647697507
1647697566
1647697626
1647697686
1647697746
1647697807
1647697867
1647697926
1647697986
1647698047
1647698107
1647698166
1647698226
1647698286
1647698347
1647698408
1647698466
1647698527
1647698586
1647698647
1647698707
1647698766
1647698827
1647698886
1647698947
1647699006
1647699067
1647699127
1647699187
1647699246
1647699307
1647699369
1647699428
1647699487
1647699548
1647699607
1647699668
1647699726
1647699787
1647699848
1647699908
1647699969
1647700027
1647700088
1647700147
1647700208
1647700267
1647700328
1647700388
1647700447
1647700507
1647700568
1647700628
1647700688
1647700747
1647700808
1647700867
1647700928
1647700989
1647701048
1647701107
1647701168
1647701228
1647701288
1647701347
1647701408
1647701469
1647701528
1647701587
1647701648
1647701708
1647701768
1647701829
1647701889
1647701949
1647702010
1647702067
1647702127
1647702190
1647702249
1647702306
1647702370
1647702428
1647702487
1647702546
1647702607
1647702668
1647702726
1647702788
1647702848
1647702908
1647702967
1647703027
1647703089
1647703149
1647703210
1647703268
1647703327
1647703389
1647703448
1647703509
1647703566
1647703628
1647703688
1647703747
1647703807
1647703870
1647703929
1647703988
1647704047
1647704109
1647704168
1647704230
1647704286
1647704347
1647704408
1647704469
1647704527
1647704588
1647704649
1647704709
1647704769
1647704827
1647704887
1647704949
1647705014
1647705070
1647705127
1647705188
1647705250
1647705311
1647705370
1647705429
1647705487
1647705551
1647705610
1647705670
1647705728
1647705790
1647705847
1647705909
1647705968
1647706027
1647706088
1647706147
1647706208
1647706270
1647706327
1647706390
1647706448
1647706509
1647706568
1647706627
1647706687
1647706748
1647706806
1647706868
1647706926
1647706986
1647707047
1647707107
1647707167
1647707227
1647707288
1647707347
1647707408
1647707467
1647707528
1647707588
1647707648
1647707707
1647707768
1647707828
1647707888
1647707949
1647708008
1647708069
1647708128
1647708189
1647708248
1647708308
1647708369
1647708430
1647708488
1647708549
1647708609
1647708670
1647708727
1647708788
1647708848
1647708907
1647708970
1647709063
1647709092
1647709149
1647709208
1647709275
1647709326
1647709388
1647709450
1647709508
1647709568
1647709627
1647709688
1647709748
1647709808
1647709870
1647709928
1647709987
1647710049
1647710109
1647710169
1647710229
1647710289
1647710349
1647710408
1647710468
1647710528
1647710587
1647710648
1647710708
1647710768
1647710828
1647710887
1647710948
1647711010
1647711069
1647711129
1647711187
1647711249
1647711309
1647711368
1647711427
1647711488
1647711547
1647711609
1647711669
1647711732
1647711788
1647711849
1647711908
1647711970
1647712029
1647712090
1647712148
1647712209
1647712267
1647712329
1647712387
1647712449
1647712512
1647712569
1647712629
1647712690
1647712749
1647712808
1647712869
1647712928
1647712987
1647713049
1647713110
1647713170
1647713228
1647713289
1647713350
1647713409
1647713470
1647713528
1647713587
1647713648
1647713708
1647713769
1647713829
1647713888
1647713947
1647714008
1647714068
1647714128
1647714188
1647714248
1647714307
1647714367
1647714427
1647714489
1647714547
1647714608
1647714667
1647714728
1647714787
1647714849
1647714908
1647714967
1647715028
1647715088
1647715151
1647715208
1647715267
1647715327
1647715387
1647715448
1647715508
1647715568
1647715627
1647715689
1647715747
1647715809
1647715867
1647715927
1647715991
1647716047
1647716108
1647716167
1647716228
1647716287
1647716347
1647716407
1647716467
1647716527
1647716588
1647716648
1647716707
1647716768
1647716828
1647716888
1647716947
1647717007
1647717069
1647717127
1647717188
1647717247
1647717309
1647717369
1647717427
1647717487
1647717549
1647717608
1647717668
1647717727
1647717788
1647717848
1647717908
1647717968
1647718027
1647718088
1647718148
1647718208
1647718269
1647718327
1647718388
1647718449
1647718509
1647718567
1647718629
1647718688
1647718748
1647718808
1647718868
1647718926
1647718987
1647719047
1647719109
1647719166
1647719226
1647719287
1647719348
1647719409
1647719466
1647719528
1647719587
1647719647
1647719708
1647719768
1647719827
1647719887
1647719947
1647720008
1647720069
1647720127
1647720186
1647720246
1647720308
1647720367
1647720427
1647720487
1647720548
1647720607
1647720667
1647720727
1647720787
1647720846
1647720908
1647720968
1647721028
1647721088
1647721148
1647721207
1647721269
1647721329
1647721388
1647721447
1647721508
1647721567
1647721628
1647721687
1647721747
1647721808
1647721868
1647721928
1647721988
1647722048
1647722110
1647722168
1647722228
1647722288
1647722348
1647722408
1647722470
1647722528
1647722589
1647722649
1647722707
1647722767
1647722828
1647722887
1647722951
1647723008
1647723066
1647723127
1647723186
1647723247
1647723309
1647723366
1647723427
1647723486
1647723548
1647723608
1647723666
1647723728
1647723786
1647723847
1647723907
1647723967
1647724027
1647724095
1647724148
1647724208
1647724268
1647724329
1647724388
1647724448
1647724509
1647724568
1647724628
1647724688
1647724747
1647724808
1647724870
1647724928
1647724988
1647725050
1647725110
1647725168
1647725228
1647725289
1647725350
1647725409
1647725469
1647725532
1647725591
1647725647
1647725711
1647725769
1647725829
1647725889
1647725948
1647726008
1647726068
1647726130
1647726190
1647726250
1647726309
1647726368
1647726430
1647726491
1647726549
1647726609
1647726670
1647726728
1647726787
1647726851
1647726908
1647726968
1647727029
1647727090
1647727149
1647727209
1647727268
1647727329
1647727388
1647727451
1647727509
1647727569
1647727628
1647727689
1647727748
1647727808
1647727869
1647727929
1647727987
1647728048
1647728108
1647728170
1647728227
1647728287
1647728347
1647728408
1647728467
1647728527
1647728588
1647728648
1647728708
1647728767
1647728827
1647728888
1647728946
1647729009
1647729068
1647729127
1647729188
1647729248
1647729309
1647729368
1647729427
1647729488
1647729549
1647729608
1647729668
1647729728
1647729789
1647729847
1647729909
1647729967
1647730028
1647730088
1647730148
1647730209
1647730269
1647730328
1647730387
1647730447
1647730509
1647730569
1647730628
1647730688
1647730748
1647730809
1647730868
1647730930
1647730989
1647731051
1647731109
1647731169
1647731228
1647731288
1647731349
1647731408
1647731471
1647731528
1647731590
1647731650
1647731709
1647731770
1647731830
1647731889
1647731987
1647732011
1647732070
1647732132
1647732189
1647732253
1647732361
1647732431
1647732490
1647732560
1647732610
1647732681
1647732730
1647732795
1647732850
1647732910
1647732977
1647733032
1647733091
1647733149
1647733211
1647733308
1647733328
1647733389
1647733449
1647733509
1647733576
1647733630
1647733691
1647733752
1647733848
1647733873
1647733959
1647733989
1647734048
1647734108
1647734170
1647734228
1647734289
1647734386
1647734409
1647734847
1647734847
1647734847
1647734847
1647734847
1647734847
1647734847
1647734892
1647735131
1647735131
1647735131
1647735190
1647735252
1647735361
1647735431
1647735496
1647735577
1647735609
1647735669
1647735798
1647735798
1647735854
1647735952
1647735971
1647736032
1647736187
1647736209
1647736270
1647736331
1647736407
1647736664
1647736690
1647736923
1647736923
1647736923
1647736993
1647737147
1647737147
1647737168
1647737366
1647737366
1647737366
1647737414
1647737588
1647737588
1647737768
1647737832
1647737967
1647737967
1647738009
1647738258
1647738313
1647738488
1647738639
1647738639
1647738669
1647738848
1647738848
1647739082
1647739082
1647739082
1647739288
1647739288
1647739288
1647739331
1647739485
1647739485
1647739509
1647739571
1647739631
1647739766
1647739766
1647739812
1647739906
1647740098
1647740098
1647740169
1647740281
1647740361
1647740547
1647740547
1647740594
1647740715
1647740715
1647740892
1647740892
1647740892
1647740951
1647741026
1647741070
1647741205
1647741205
1647741251
1647741319
1647741369
1647741430
1647741493
1647741550
1647741611
1647741734
1647741734
1647741794
1647741863
1647741910
1647741969
1647742037
1647742088
1647742152
1647742210
1647742270
1647742371
1647742391
1647742450
1647742509
1647742569
1647742629
1647742692
1647742748
1647742809
1647742867
1647742929
1647742989
1647743049
1647743108
1647743168
1647743229
1647743289
1647743348
1647743409
1647743470
1647743535
1647743591
1647743651
1647743707
1647743769
1647743830
1647743888
1647743948
1647744008
1647744068
1647744129
1647744195
1647744248
1647744308
1647744370
1647744427
1647744489
1647744548
1647744609
1647744669
1647744728
1647744787
1647744851
1647744908
1647744970
1647745029
1647745092
1647745152
1647745211
1647745270
1647745333
1647745391
1647745449
1647745510
1647745570
1647745631
1647745692
1647745752
1647745814
1647745869
1647745927
1647745989
1647746049
1647746107
1647746171
1647746229
1647746288
1647746348
1647746408
1647746468
1647746527
1647746588
1647746649
1647746708
1647746768
1647746827
1647746888
1647746949
1647747008
1647747067
1647747128
1647747186
1647747248
1647747308
1647747368
1647747428
1647747486
1647747547
1647747609
1647747668
1647747727
1647747788
1647747847
1647747909
1647747968
1647748029
1647748088
1647748149
1647748208
1647748268
1647748328
1647748388
1647748450
1647748507
1647748569
1647748628
1647748689
1647748750
1647748808
1647748867
1647748927
1647748987
1647749048
1647749108
1647749168
1647749228
1647749287
1647749347
1647749408
1647749469
1647749527
1647749588
1647749647
1647749708
1647749767
1647749828
1647749889
1647749949
1647750007
1647750068
1647750127
1647750189
1647750248
1647750309
1647750370
1647750429
1647750489
1647750549
1647750608
1647750667
1647750731
1647750789
1647750848
1647750908
1647750966
1647751027
1647751088
1647751149
1647751209
1647751268
1647751329
1647751387
1647751449
1647751507
1647751567
1647751627
1647751688
1647751748
1647751807
1647751868
1647751928
1647751989
1647752047
1647752109
1647752169
1647752230
1647752289
1647752348
1647752408
1647752470
1647752529
1647752589
1647752647
1647752708
1647752770
1647752829
1647752887
1647752949
1647753010
1647753068
1647753128
1647753187
1647753247
1647753310
1647753367
1647753428
1647753488
1647753547
1647753608
1647753667
1647753727
1647753787
1647753847
1647753908
1647753968
1647754028
1647754089
1647754148
1647754209
1647754268
1647754327
1647754387
1647754448
1647754508
1647754571
1647754631
1647754687
1647754749
1647754809
1647754869
1647754928
1647754989
1647755048
1647755108
1647755167
1647755228
1647755287
1647755347
1647755407
1647755471
1647755528
1647755587
1647755648
1647755709
1647755768
1647755830
1647755888
1647755948
1647756007
1647756068
1647756128
1647756189
1647756250
1647756308
1647756369
1647756428
1647756491
1647756549
1647756609
1647756668
1647756729
1647756789
1647756850
1647756909
1647756968
1647757028
1647757089
1647757150
1647757209
1647757269
1647757329
1647757387
1647757447
1647757509
1647757568
1647757628
1647757687
1647757748
1647757808
1647757869
1647757927
1647757988
1647758049
1647758109
1647758167
1647758229
1647758289
1647758348
1647758407
1647758468
1647758528
1647758588
1647758649
1647758709
1647758769
1647758827
1647758889
1647758948
1647759011
1647759069
1647759128
1647759189
1647759249
1647759309
1647759369
1647759428
1647759489
1647759548
1647759609
1647759669
1647759729
1647759788
1647759848
1647759908
1647759968
1647760028
1647760089
1647760149
1647760208
1647760268
1647760328
1647760388
1647760449
1647760507
1647760569
1647760629
1647760689
1647760751
1647760810
1647760868
1647760927
1647760988
1647761047
1647761110
1647761168
1647761227
1647761287
1647761349
1647761408
1647761469
1647761527
1647761587
1647761648
1647761708
1647761767
1647761829
1647761887
1647761949
1647762008
1647762068
1647762128
1647762187
1647762247
1647762309
1647762367
1647762428
1647762489
1647762550
1647762608
1647762669
1647762727
1647762788
1647762848
1647762908
1647762968
1647763029
1647763088
1647763148
1647763209
1647763268
1647763329
1647763392
1647763449
1647763509
1647763569
1647763628
1647763689
1647763748
1647763807
1647763866
1647763928
1647763989
1647764048
1647764107
1647764168
1647764227
1647764286
1647764348
1647764408
1647764467
1647764528
1647764586
1647764646
1647764708
1647764770
1647764828
1647764887
1647764946
1647765007
1647765067
1647765128
1647765187
1647765248
1647765308
1647765368
1647765428
1647765488
1647765548
1647765608
1647765667
1647765727
1647765788
1647765850
1647765910
1647765968
1647766029
1647766087
1647766147
1647766210
1647766268
1647766327
1647766388
1647766448
1647766508
1647766568
1647766629
1647766688
1647766748
1647766810
1647766867
1647766928
1647766987
1647767048
1647767108
1647767167
1647767227
1647767289
1647767348
1647767409
1647767468
1647767528
1647767587
1647767649
1647767709
1647767767
1647767827
1647767888
1647767947
1647768009
1647768067
1647768129
1647768187
1647768247
1647768309
1647768368
1647768426
1647768486
1647768549
1647768608
1647768666
1647768728
1647768789
1647768848
1647768909
1647768967
1647769029
1647769089
1647769148
1647769207
1647769268
1647769328
1647769387
1647769448
1647769508
1647769569
1647769630
1647769688
1647769749
1647769809
1647769868
1647769929
1647769990
1647770048
1647770108
1647770170
1647770228
1647770288
1647770349
1647770410
1647770468
1647770528
1647770587
1647770647
1647770707
1647770768
1647770829
1647770886
1647770947
1647771008
1647771068
1647771127
1647771187
1647771247
1647771306
1647771369
1647771426
1647771487
1647771547
1647771606
1647771668
1647771727
1647771788
1647771847
1647771909
1647771967
1647772029
1647772088
1647772148
1647772209
1647772268
1647772327
1647772388
1647772447
1647772507
1647772567
1647772627
1647772687
1647772747
1647772807
1647772867
1647772927
1647772986
1647773048
1647773107
1647773169
1647773227
1647773288
1647773347
1647773407
1647773468
1647773527
1647773587
1647773648
1647773708
1647773767
1647773827
1647773889
1647773947
1647774008
1647774067
1647774130
1647774188
1647774249
1647774308
1647774369
1647774427
1647774487
1647774549
1647774608
1647774669
1647774728
1647774788
1647774847
1647774908
1647774967
1647775027
1647775088
1647775147
1647775207
1647775268
1647775329
1647775388
1647775448
1647775508
1647775568
1647775628
1647775688
1647775747
1647775808
1647775868
1647775926
1647775988
1647776046
1647776108
1647776167
1647776227
1647776287
1647776348
1647776407
1647776467
1647776527
1647776588
1647776647
1647776708
1647776767
1647776827
1647776888
1647776947
1647777008
1647777068
1647777128
1647777188
1647777247
1647777308
1647777367
1647777427
1647777488
1647777548
1647777608
1647777668
1647777727
1647777787
1647777848
1647777907
1647777968
1647778027
1647778089
1647778146
1647778208
1647778268
1647778327
1647778387
1647778449
1647778508
1647778568
1647778627
1647778687
1647778749
1647778808
1647778869
1647778928
1647778987
1647779050
1647779109
1647779167
1647779227
1647779286
1647779347
1647779409
1647779466
1647779527
1647779587
1647779649
1647779709
1647779767
1647779827
1647779887
1647779948
1647780008
1647780066
1647780127
1647780188
1647780248
1647780307
1647780368
1647780428
1647780487
1647780547
1647780609
1647780667
1647780727
1647780788
1647780846
1647780910
1647780967
1647781026
1647781087
1647781146
1647781208
1647781267
1647781327
1647781388
1647781448
1647781508
1647781567
1647781628
1647781688
1647781749
1647781818
1647781869
1647781928
1647781987
1647782047
1647782109
1647782167
1647782228
1647782287
1647782349
1647782408
1647782468
1647782527
1647782587
1647782647
1647782707
1647782768
1647782827
1647782887
1647782948
1647783008
1647783067
1647783127
1647783187
1647783247
1647783308
1647783369
1647783427
1647783487
1647783548
1647783608
1647783667
1647783730
1647783788
1647783848
1647783908
1647783968
1647784027
1647784086
1647784147
1647784207
1647784270
1647784327
1647784386
1647784446
1647784507
1647784567
1647784628
1647784687
1647784747
1647784807
1647784868
1647784928
1647784988
1647785049
1647785108
1647785167
1647785227
1647785287
1647785347
1647785408
1647785468
1647785528
1647785589
1647785646
1647785709
1647785766
1647785828
1647785886
1647785947
1647786008
1647786067
1647786128
1647786188
1647786248
1647786308
1647786368
1647786427
1647786487
1647786547
1647786608
1647786668
1647786728
1647786787
1647786848
1647786908
1647786967
1647787027
1647787088
1647787148
1647787206
1647787268
1647787328
1647787388
1647787447
1647787509
1647787568
1647787628
1647787689
1647787747
1647787808
1647787869
1647787929
1647787989
1647788047
1647788109
1647788169
1647788228
1647788288
1647788347
1647788408
1647788467
1647788528
1647788589
1647788649
1647788710
1647788769
1647788828
1647788888
1647788949
1647789009
1647789069
1647789129
1647789188
1647789248
1647789308
1647789368
1647789427
1647789488
1647789549
1647789608
1647789669
1647789731
1647789791
1647789848
1647789909
1647789967
1647790027
1647790089
1647790147
1647790208
1647790267
1647790326
1647790388
1647790447
1647790508
1647790568
1647790628
1647790688
1647790747
1647790807
1647790866
1647790927
1647790987
1647791048
1647791108
1647791166
1647791228
1647791287
1647791347
1647791408
1647791467
1647791528
1647791588
1647791648
1647791707
1647791767
1647791828
1647791887
1647791948
1647792008
1647792068
1647792128
1647792187
1647792247
1647792308
1647792367
1647792427
1647792487
1647792547
1647792608
1647792666
1647792726
1647792788
1647792847
1647792907
1647792968
1647793028
1647793088
1647793147
1647793208
1647793267
1647793327
1647793387
1647793447
1647793510
1647793568
1647793628
1647793688
1647793749
1647793808
1647793868
1647793928
1647793988
1647794047
1647794108
1647794168
1647794227
1647794287
1647794347
1647794409
1647794468
1647794528
1647794587
1647794647
1647794708
1647794768
1647794828
1647794888
1647794948
1647795009
1647795068
1647795127
1647795186
1647795246
1647795308
1647795367
1647795428
1647795488
1647795547
1647795610
1647795671
1647795728
1647795789
1647795848
1647795908
1647795968
1647796028
1647796088
1647796148
1647796208
1647796267
1647796327
1647796387
1647796447
1647796508
1647796568
1647796628
1647796688
1647796750
1647796809
1647796867
1647796928
1647796988
1647797048
1647797109
1647797168
1647797228
1647797288
1647797347
1647797408
1647797469
1647797529
1647797588
1647797648
1647797708
1647797767
1647797828
1647797888
1647797948
1647798009
1647798069
1647798128
1647798188
1647798247
1647798310
1647798368
1647798428
1647798489
1647798548
1647798609
1647798668
1647798728
1647798788
1647798849
1647798908
1647798970
1647799031
1647799089
1647799151
1647799209
1647799270
1647799329
1647799388
1647799449
1647799508
1647799567
1647799628
1647799688
1647799749
1647799808
1647799868
1647799927
1647799988
1647800047
1647800107
1647800167
1647800227
1647800287
1647800347
1647800409
1647800466
1647800527
1647800588
1647800647
1647800708
1647800768
1647800827
1647800887
1647800948
1647801008
1647801068
1647801128
1647801187
1647801246
1647801308
1647801369
1647801427
1647801488
1647801547
1647801608
1647801668
1647801728
1647801788
1647801848
1647801908
1647801967
1647802028
1647802087
1647802148
1647802208
1647802268
1647802326
1647802387
1647802448
1647802509
1647802568
1647802629
1647802688
1647802747
1647802808
1647802869
1647802929
1647802987
1647803047
1647803109
1647803168
1647803227
1647803288
1647803348
1647803408
1647803468
1647803528
1647803589
1647803649
